 5 3 80 16 20 0
 12 3 80 15 1 0
 19 3 80 14 20 0
 26 3 80 14 50 0
 5 3 81 13 35 1
 7 3 81 15 10 2
 11 3 81 13 40 1
 18 3 81 13 40 1
 20 3 81 14 0 2
 25 3 81 13 40 0
 26 3 81 13 35 0
 27 3 81 13 30 0
 28 3 81 13 32 1
 1 3 82 13 20 3
 3 3 82 14 40 2
 10 3 82 14 30 1
 12 3 82 14 30 3
 17 3 82 14 35 2
 18 3 82 14 30 3
 20 3 82 14 20 1
 24 3 82 14 10 3
 2 3 83 13 37 3
 4 3 83 14 40 1
 9 3 83 13 40 3
 16 3 83 14 55 2
 18 3 83 13 52 1
 23 3 83 14 0 3
 25 3 83 14 30 2
 2 3 84 14 25 3
 7 3 84 11 50 3
 9 3 84 10 0 3
 14 3 84 10 0 3
 21 3 84 10 42 3
 28 3 84 10 25 3
 30 3 84 10 45 1
 1 3 85 10 30 3
 6 3 85 14 0 3
 8 3 85 14 2 3
 15 3 85 14 10 3
 20 3 85 11 2 2
 27 3 85 16 10 3
 29 3 85 14 15 2
 4 3 86 15 20 3
 6 3 86 15 40 1
 14 3 86 13 40 3
 18 3 86 14 0 1
 20 3 86 14 3 3
 26 3 86 14 8 1
 3 3 87 14 41 3
 6 3 87 10 23 1
 7 3 87 9 55 3
 8 3 87 10 15 3
 9 3 87 13 40 3
 10 3 87 10 6 3
 11 3 87 9 55 2
 12 3 87 9 54 1
 13 3 87 9 45 3
 14 3 87 10 35 2
 15 3 87 10 0 3
 16 3 87 9 50 3
 17 3 87 9 58 2
 18 3 87 9 15 3
 19 3 87 9 35 3
 20 3 87 9 38 3
 21 3 87 10 20 2
 23 3 87 7 35 3
 24 3 87 6 45 3
 31 3 87 14 15 2
 1 3 88 14 25 2
 8 3 88 10 23 3
 16 3 88 10 0 1
 23 3 88 13 56 1
 3 3 89 14 14 3
 6 3 89 13 58 2
 8 3 89 14 4 3
 10 3 89 15 12 2
 15 3 89 14 0 2
 17 3 89 14 12 2
 20 3 89 14 15 3
 22 3 89 13 55 2
 23 3 89 14 2 2
 29 3 89 14 32 3
 31 3 89 14 8 3
 2 3 90 14 40 2
 5 3 90 14 15 3
 7 3 90 14 20 2
 9 3 90 14 22 2
 13 3 90 14 20 2
 14 3 90 14 20 2
 16 3 90 14 20 2
 21 3 90 14 17 2
 23 3 90 14 11 2
 26 3 90 14 20 2
 28 3 90 14 36 2
 30 3 90 14 7 3
 1 3 91 14 0 2
 5 3 91 14 30 1
 6 3 91 14 0 2
 8 3 91 14 25 3
 18 3 91 14 48 1
 20 3 91 15 8 2
 22 3 91 14 3 3
 27 3 91 14 7 3
 4 3 92 14 12 2
 6 3 92 14 10 1
 9 3 92 14 22 1
 11 3 92 14 3 2
 13 3 92 14 10 1
 16 3 92 14 50 1
 18 3 92 14 10 2
 20 3 92 14 8 2
 23 3 92 14 30 2
 25 3 92 14 4 2
 27 3 92 14 28 3
 30 3 92 14 25 1
 1 3 93 11 13 2
 3 3 93 9 59 2
 5 3 93 10 14 2
 8 3 93 10 11 2
 10 3 93 10 7 2
 12 3 93 10 0 2
 15 3 93 10 0 2
 17 3 93 10 24 2
 19 3 93 10 55 2
 22 3 93 10 4 2
 23 3 93 14 29 2
 26 3 93 10 9 2
 29 3 93 10 2 2
 30 3 93 14 14 7
 31 3 93 10 13 3
 4 3 94 9 57 3
 7 3 94 9 59 3
 9 3 94 9 48 3
 11 3 94 10 4 2
 16 3 94 10 3 2
 21 3 94 10 5 3
 23 3 94 10 15 7
 25 3 94 11 0 2
 28 3 94 10 12 2
 30 3 94 10 12 3
 6 3 95 9 43 2
 8 3 95 9 54 7
 10 3 95 10 16 7
 13 3 95 10 20 2
 15 3 95 9 53 2
 20 3 95 9 53 7
 22 3 95 9 57 2
 1 3 96 9 55 2
 4 3 96 10 0 7
 5 3 96 8 50 3
 6 3 96 9 48 8
 7 3 96 9 45 7
 8 3 96 9 45 8
 9 3 96 9 40 3
 10 3 96 9 37 3
 11 3 96 9 43 7
 12 3 96 9 44 8
 13 3 96 9 55 3
 14 3 96 9 40 2
 15 3 96 9 40 7
 16 3 96 9 45 2
 17 3 96 9 15 7
 18 3 96 9 50 8
 19 3 96 9 37 7
 20 3 96 10 0 8
 21 3 96 11 35 7
 22 3 96 9 40 8
 25 3 96 9 48 7
 27 3 96 15 40 2
 29 3 96 15 21 7
 3 3 97 15 15 3
 5 3 97 15 30 2
 7 3 97 15 21 3
 10 3 97 15 15 3
 12 3 97 15 15 3
 17 3 97 15 30 7
 19 3 97 15 24 3
 21 3 97 15 17 7
 24 3 97 15 22 8
 26 3 97 15 25 3
 31 3 97 15 17 3
 2 3 98 15 0 3
 4 3 98 14 30 2
 6 3 98 15 0 2
 9 3 98 15 0 2
 11 3 98 15 5 3
 16 3 98 15 0 8
 18 3 98 15 2 2
 20 3 98 15 4 7
 23 3 98 15 7 2
 30 3 98 15 0 7
 1 3 99 15 2 2
 3 3 99 15 15 8
 5 3 99 10 45 2
 9 3 99 15 3 2
 12 3 99 14 54 7
 15 3 99 14 53 3
 17 3 99 15 15 3
 19 3 99 14 55 7
 22 3 99 14 55 2
 26 3 99 15 15 7
 31 3 99 10 37 2
 1 3 0 17 29 3
 6 3 0 13 29 3
 8 3 0 17 30 3
 10 3 0 13 27 3
 13 3 0 13 35 8
 15 3 0 17 29 8
 17 3 0 13 27 2
 20 3 0 13 31 2
 22 3 0 17 27 2
 24 3 0 13 27 2
 27 3 0 13 27 7
 29 3 0 17 27 7
 1 3 1 15 10 8
 2 3 1 15 3 7
 5 3 1 15 0 7
 7 3 1 15 0 7
 8 3 1 15 0 2
 9 3 1 15 5 3
 12 3 1 15 3 3
 13 3 1 15 0 3
 14 3 1 15 4 3
 16 3 1 15 8 3
 20 3 1 15 5 8
 21 3 1 13 17 7
 22 3 1 14 47 2
 23 3 1 15 0 3
 24 3 1 15 0 8
 25 3 1 14 5 7
 26 3 1 15 5 8
 27 3 1 14 46 7
 28 3 1 13 30 3
 1 3 2 14 48 2
 4 3 2 14 55 3
 6 3 2 14 50 3
 8 3 2 15 0 3
 11 3 2 14 55 3
 13 3 2 14 49 3
 15 3 2 15 9 3
 18 3 2 14 49 8
 20 3 2 14 50 8
 22 3 2 14 55 8
 27 3 2 14 50 2
 3 3 3 14 50 7
 5 3 3 14 55 7
 11 3 3 14 53 3
 12 3 3 14 55 3
 13 3 3 15 5 3
 18 3 3 14 15 3
 19 3 3 15 10 3
 20 3 3 11 40 3
 21 3 3 14 50 8
 24 3 3 15 2 3
 26 3 3 14 58 2
 28 3 3 14 45 3
 31 3 3 15 0 3
 1 3 4 14 50 7
 3 3 4 14 50 7
 5 3 4 15 0 7
 8 3 4 14 55 3
 10 3 4 15 0 2
 12 3 4 15 0 7
 15 3 4 15 0 2
 17 3 4 15 0 2
 22 3 4 15 0 8
 24 3 4 15 0 8
 26 3 4 14 57 8
 29 3 4 14 47 7
 31 3 4 14 45 7
 2 3 5 14 50 7
 4 3 5 10 18 7
 7 3 5 14 30 3
 9 3 5 15 17 3
 10 3 5 11 56 8
 11 3 5 14 57 3
 14 3 5 14 50 2
 16 3 5 14 52 2
 18 3 5 10 10 2
 21 3 5 14 55 8
 23 3 5 15 20 8
 28 3 5 14 50 7
 30 3 5 14 55 3
 1 3 6 14 45 8
 8 3 6 14 45 8
 10 3 6 14 50 2
 13 3 6 14 45 2
 17 3 6 15 0 7
 20 3 6 15 0 7
 22 3 6 15 0 7
 24 3 6 15 0 7
 27 3 6 15 0 7
 29 3 6 14 50 3
 31 3 6 14 50 7
 2 3 7 14 45 2
 5 3 7 14 42 7
 7 3 7 14 55 7
 9 3 7 14 35 7
 12 3 7 14 40 7
 14 3 7 14 50 8
 16 3 7 15 0 7
 21 3 7 14 50 2
 23 3 7 14 50 2
 26 3 7 14 45 7
 28 3 7 14 45 2
 30 3 7 15 0 7
 3 3 8 14 40 7
 5 3 8 14 55 7
 7 3 8 14 40 7
 10 3 8 15 0 8
 12 3 8 14 40 2
 14 3 8 14 45 3
 18 3 8 14 10 8
 26 3 8 14 40 3
 28 3 8 14 50 3
 3 3 9 14 55 7
 6 3 9 15 5 7
 9 3 9 14 55 2
 11 3 9 13 25 2
 12 3 9 14 50 8
 13 3 9 15 5 8
 16 3 9 15 45 8
 18 3 9 15 5 8
 19 3 9 15 5 8
 23 3 9 14 45 7
 23 3 9 14 45 3
 25 3 9 12 55 7
 2 3 10 10 35 4
 3 3 10 4 45 4
 5 3 10 14 55 9
 8 3 10 14 50 8
 10 3 10 14 50 8
 15 3 10 15 5 7
 17 3 10 15 15 7
 19 3 10 15 15 7
 22 3 10 15 0 3
 24 3 10 15 10 8
 25 3 10 10 25 9
 26 3 10 15 5 3
 29 3 10 15 5 2
 31 3 10 14 25 2
 2 3 11 14 26 3
 4 2 11 10 57 8
 7 3 11 14 39 7
 9 3 11 14 19 7
 11 3 11 10 8 7
 14 3 11 13 51 4
 16 3 11 14 20 0
 18 3 11 13 57 4
 21 3 11 14 0 8
 22 3 11 14 0 2
 23 3 11 14 20 0
 25 3 11 14 0 8
 30 3 11 10 47 0
 2 3 12 14 57 8
 5 3 12 15 32 9
 7 3 12 14 53 9
 9 3 12 13 46 9
 12 3 12 15 5 9
 14 3 12 15 7 0
 16 3 12 15 0 9
 19 3 12 15 0 3
 21 3 12 14 52 0
 26 3 12 13 45 0
 28 3 12 14 0 0
 30 3 12 14 10 9
 1 3 13 14 38 7
 4 3 13 14 34 4
 6 3 13 14 38 0
 8 3 13 14 15 0
 11 3 13 14 57 0
 13 3 13 14 54 0
 15 3 13 13 56 0
 18 3 13 14 48 0
 20 3 13 14 57 0
 22 3 13 14 56 8
 25 3 13 14 49 9
 26 3 13 14 33 0
 27 3 13 13 58 0
 28 3 13 15 11 0
 3 3 14 14 0 0
 4 3 14 14 37 0
 5 3 14 15 18 0
 6 3 14 14 0 0
 7 3 14 14 46 3
 10 3 14 14 57 0
 11 3 14 14 0 0
 12 3 14 14 0 0
 13 3 14 14 0 0
 14 3 14 14 15 0
 18 3 14 14 34 0
 19 3 14 14 43 0
 20 3 14 15 0 0
 21 3 14 14 37 0
 24 3 14 15 23 0
 25 3 14 14 26 0
 26 3 14 14 54 9
 27 3 14 14 21 0
 28 3 14 15 24 0
 29 3 14 14 29 0
 30 3 14 15 24 0
 31 3 14 15 24 0
 2 3 15 16 45 0
 3 3 15 18 5 0
 4 3 15 14 42 0
 5 3 15 14 30 0
 9 3 15 15 5 3
 10 3 15 14 44 0
 11 3 15 14 54 0
 12 3 15 14 36 0
 13 3 15 14 47 3
 16 3 15 14 51 3
 17 3 15 14 32 0
 18 3 15 14 59 0
 19 3 15 14 46 0
 20 3 15 15 1 3
 21 3 15 15 29 0
 22 3 15 15 29 0
 23 3 15 15 29 0
 24 3 15 14 34 0
 25 3 15 15 29 0
 26 3 15 15 29 0
 27 3 15 15 29 0
 28 3 15 14 34 0
 30 3 15 14 51 0
 1 3 16 13 48 0
 2 3 16 15 5 0
 3 3 16 15 30 0
 4 3 16 14 10 0
 5 3 16 14 10 0
 6 3 16 14 10 0
 7 3 16 14 20 0
 8 3 16 14 10 0
 9 3 16 14 10 0
 10 3 16 14 1 0
 11 3 16 14 55 0
 14 3 16 15 0 8
 15 3 16 15 0 0
 16 3 16 14 50 0
 17 3 16 15 0 0
 18 3 16 15 5 0
 21 3 16 15 3 0
 22 3 16 15 5 0
 23 3 16 15 4 0
 24 3 16 15 9 0
 28 3 16 14 23 0
 29 3 16 14 32 0
 30 3 16 15 12 0
 31 3 16 15 2 0
 1 3 17 14 56 0
 2 3 17 14 33 0
 3 3 17 14 49 3
 6 3 17 15 6 7
 8 3 17 14 54 0
 9 3 17 14 34 0
 10 3 17 14 1 0
 13 3 17 15 11 0
 14 3 17 14 58 0
 15 3 17 15 2 0
 16 3 17 15 4 0
 17 3 17 15 58 0
 20 3 17 14 53 0
 21 3 17 14 39 0
 22 3 17 14 51 0
 23 3 17 14 34 0
 24 3 17 14 52 9
 27 3 17 14 58 2
 28 3 17 14 45 0
 30 3 17 14 49 0
 31 3 17 15 25 0
 1 3 18 14 51 0
 2 3 18 14 50 0
 5 3 18 14 55 0
 6 3 18 14 52 0
 7 3 18 15 0 0
 8 3 18 14 42 0
 9 3 18 14 47 0
 12 3 18 14 40 0
 13 3 18 14 42 0
 14 3 18 14 57 0
 15 3 18 14 59 0
 16 3 18 14 57 0
 19 3 18 14 37 0
 20 3 18 14 58 0
 21 3 18 14 22 0
 22 3 18 14 58 0
 23 3 18 6 20 0
 24 3 18 16 16 0
 25 3 18 16 16 0
 26 3 18 12 56 0
 27 3 18 16 16 0
 28 3 18 14 56 0
 29 3 18 11 56 0
 1 3 19 15 3 0
 5 3 19 15 3 0
 6 3 19 14 38 0
 7 3 19 14 41 0
 8 3 19 14 43 0
 11 3 19 15 0 0
 12 3 19 15 1 0
 13 3 19 14 42 0
 14 3 19 14 40 0
 15 3 19 15 1 0
 18 3 19 14 58 0
 19 3 19 14 57 0
 20 3 19 14 37 0
 21 3 19 14 17 0
 22 3 19 14 46 0
 25 3 19 15 6 0
 26 3 19 15 6 0
 27 3 19 7 37 0
 28 3 19 8 57 0
 29 3 19 8 57 0
 30 3 19 5 27 0
 31 3 19 8 57 0
