 2 4 80 14 40 2
 16 4 80 14 45 2
 24 4 80 14 37 2
 1 4 81 13 32 1
 2 4 81 13 40 2
 8 4 81 14 24 2
 15 4 81 14 0 1
 16 4 81 13 35 1
 22 4 81 14 10 1
 29 4 81 13 35 1
 1 4 82 14 30 1
 7 4 82 13 35 3
 14 4 82 14 8 2
 16 4 82 14 40 3
 21 4 82 13 38 3
 28 4 82 15 0 1
 30 4 82 14 25 1
 13 4 83 10 30 3
 22 4 83 14 45 1
 27 4 83 14 35 2
 29 4 83 14 45 3
 4 4 84 10 48 1
 12 4 84 10 38 3
 21 4 84 10 30 3
 25 4 84 10 32 1
 27 4 84 10 35 1
 11 4 85 16 10 2
 17 4 85 14 35 3
 19 4 85 14 30 2
 24 4 85 14 4 3
 1 4 86 14 10 2
 3 4 86 13 40 1
 8 4 86 14 5 2
 15 4 86 14 0 2
 17 4 86 14 15 2
 23 4 86 9 44 3
 24 4 86 16 44 2
 26 4 86 16 32 3
 30 4 86 14 40 2
 2 4 87 14 5 1
 9 4 87 13 40 1
 14 4 87 14 0 3
 21 4 87 13 34 1
 23 4 87 14 35 3
 28 4 87 13 55 1
 12 4 88 9 44 3
 15 4 88 14 50 2
 19 4 88 14 10 2
 26 4 88 14 6 2
 28 4 88 11 15 2
 3 4 89 14 0 3
 5 4 89 13 50 3
 7 4 89 14 15 2
 10 4 89 14 20 2
 12 4 89 14 15 3
 13 4 89 13 52 2
 14 4 89 14 20 2
 17 4 89 14 1 3
 19 4 89 14 0 3
 21 4 89 14 30 2
 24 4 89 14 8 3
 26 4 89 13 58 3
 28 4 89 14 17 2
 2 4 90 14 18 3
 9 4 90 14 18 2
 11 4 90 14 30 3
 16 4 90 14 12 3
 18 4 90 14 25 3
 20 4 90 14 8 3
 24 4 90 14 43 1
 25 4 90 14 38 1
 30 4 90 14 16 3
 1 4 91 14 7 1
 3 4 91 13 54 1
 5 4 91 14 40 2
 8 4 91 14 42 1
 10 4 91 14 7 1
 12 4 91 13 57 2
 15 4 91 15 4 2
 19 4 91 14 11 1
 22 4 91 14 22 3
 24 4 91 14 13 1
 1 4 92 14 10 2
 3 4 92 13 56 1
 6 4 92 14 12 1
 8 4 92 14 15 2
 10 4 92 14 15 2
 13 4 92 10 15 2
 16 4 92 14 26 2
 20 4 92 14 15 1
 22 4 92 14 6 2
 24 4 92 14 15 1
 27 4 92 14 15 1
 29 4 92 14 13 2
 2 4 93 10 11 3
 7 4 93 10 35 3
 8 4 93 10 18 2
 12 4 93 10 39 3
 16 4 93 10 19 3
 19 4 93 8 4 2
 23 4 93 10 2 3
 26 4 93 10 13 2
 28 4 93 10 15 3
 30 4 93 10 35 2
 4 4 94 10 5 2
 6 4 94 9 55 2
 8 4 94 10 5 3
 13 4 94 14 0 7
 15 4 94 9 50 3
 18 4 94 9 52 2
 19 4 94 5 52 8
 20 4 94 6 0 2
 21 4 94 5 50 3
 22 4 94 6 10 7
 23 4 94 5 47 8
 24 4 94 5 45 7
 26 4 94 5 57 7
 27 4 94 5 52 8
 28 4 94 6 10 2
 3 4 96 15 46 7
 5 4 96 15 40 8
 10 4 96 15 40 2
 12 4 96 15 40 3
 15 4 96 15 37 2
 17 4 96 15 30 7
 19 4 96 15 35 2
 22 4 96 15 30 2
 24 4 96 15 30 3
 26 4 96 15 30 3
 2 4 97 15 15 3
 4 4 97 15 15 8
 5 4 97 11 57 3
 6 4 97 11 54 3
 7 4 97 15 11 3
 9 4 97 15 15 3
 11 4 97 15 30 3
 16 4 97 15 30 7
 21 4 97 15 30 7
 23 4 97 15 30 2
 25 4 97 15 30 2
 28 4 97 15 30 2
 30 4 97 15 25 2
 3 4 98 15 17 2
 6 4 98 14 55 7
 7 4 98 14 55 7
 13 4 98 15 16 2
 15 4 98 14 55 3
 17 4 98 15 0 8
 19 4 98 14 36 7
 20 4 98 15 15 2
 22 4 98 15 35 7
 24 4 98 15 5 3
 27 4 98 15 15 8
 5 4 99 11 15 7
 7 4 99 10 39 3
 9 4 99 11 31 3
 12 4 99 10 55 3
 16 3 99 14 15 3
 19 4 99 10 30 8
 21 4 99 10 35 8
 23 4 99 10 30 7
 25 4 99 10 35 2
 26 4 99 10 35 2
 28 4 99 10 35 2
 1 4 0 13 29 3
 3 4 0 15 25 7
 6 4 0 15 8 7
 7 4 0 15 6 2
 10 4 0 15 10 3
 12 4 0 15 10 3
 17 4 0 15 8 8
 19 4 0 15 12 2
 24 4 0 15 7 2
 26 4 0 15 30 2
 28 4 0 15 32 2
 2 4 1 15 10 7
 4 4 1 15 10 3
 9 4 1 15 0 7
 10 4 1 14 50 2
 11 4 1 14 45 3
 12 4 1 14 46 8
 13 4 1 15 6 3
 15 4 1 14 30 7
 16 4 1 14 47 2
 17 4 1 14 50 3
 18 4 1 13 13 3
 20 4 1 14 50 2
 23 4 1 15 0 8
 25 4 1 15 10 8
 27 4 1 15 0 8
 30 4 1 14 55 7
 1 4 2 14 55 7
 3 4 2 11 14 7
 4 4 2 11 2 3
 5 4 2 14 52 7
 8 4 2 15 0 3
 10 4 2 15 5 3
 12 4 2 15 0 3
 15 4 2 15 0 8
 17 4 2 14 50 8
 19 4 2 15 3 8
 22 4 2 14 50 2
 24 4 2 14 55 2
 26 4 2 14 45 2
 29 4 2 14 50 7
 4 4 3 14 50 8
 7 4 3 15 0 7
 9 4 3 15 2 7
 10 4 3 15 0 7
 16 4 3 14 50 3
 17 4 3 14 0 3
 21 4 3 15 0 2
 23 4 3 15 5 8
 25 4 3 14 5 8
 28 4 3 15 5 8
 30 4 3 16 0 8
 30 4 3 16 0 2
 5 4 4 14 50 3
 7 4 4 15 33 3
 12 4 4 14 43 3
 16 4 4 14 47 2
 19 4 4 13 55 8
 21 4 4 14 55 3
 23 4 4 15 10 8
 29 4 4 13 52 7
 30 4 4 14 50 8
 1 4 5 15 0 7
 4 4 5 10 27 3
 6 4 5 10 5 3
 7 4 5 7 43 3
 8 4 5 7 45 3
 11 4 5 10 15 2
 13 4 5 10 15 2
 15 4 5 10 10 2
 18 4 5 10 23 8
 25 4 5 10 19 7
 26 4 5 10 19 8
 27 4 5 10 19 7
 28 4 5 16 0 8
 29 4 5 10 19 3
 30 4 5 10 19 7
 3 4 6 14 50 2
 5 4 6 15 5 7
 7 4 6 14 50 2
 10 4 6 7 25 7
 12 4 6 7 25 3
 17 4 6 14 55 8
 19 4 6 14 55 8
 21 4 6 14 45 8
 24 4 6 15 5 7
 26 4 6 15 10 2
 28 4 6 10 20 7
 3 4 7 15 15 3
 4 4 7 13 40 7
 11 4 7 14 9 2
 13 4 7 15 0 7
 16 4 7 15 17 8
 17 4 7 15 7 2
 18 4 7 15 0 7
 19 4 7 15 0 7
 20 4 7 8 0 7
 21 4 7 15 0 7
 22 4 7 15 0 3
 23 4 7 8 0 7
 24 4 7 14 43 3
 27 4 7 14 0 3
 30 4 7 10 30 7
 2 4 8 11 0 2
 4 4 8 10 40 2
 9 4 8 11 10 2
 15 4 8 10 57 2
 17 4 8 10 40 8
 21 4 8 8 36 2
 21 4 8 8 36 8
 22 4 8 8 36 3
 22 4 8 8 36 7
 23 4 8 8 48 8
 23 4 8 8 48 2
 24 4 8 6 57 3
 25 4 8 7 5 2
 25 4 8 7 5 8
 26 4 8 6 58 3
 26 4 8 6 58 7
 27 4 8 8 45 2
 1 4 9 14 50 8
 2 4 9 15 0 8
 6 4 9 15 0 2
 8 4 9 14 59 2
 17 4 9 6 24 9
 19 4 9 6 25 7
 20 4 9 7 17 9
 21 4 9 10 8 3
 22 4 9 15 8 3
 24 4 9 15 8 3
 27 4 9 15 0 7
 29 4 9 14 50 7
 5 4 10 14 58 0
 6 4 10 5 30 0
 7 4 10 5 37 9
 8 4 10 11 34 9
 9 4 10 15 45 9
 10 4 10 15 57 0
 11 4 10 15 56 9
 12 4 10 11 30 9
 13 4 10 15 57 9
 14 4 10 11 30 9
 15 4 10 5 37 9
 16 4 15 0 25 3
 19 4 10 15 8 0
 21 4 10 15 0 9
 23 4 10 15 10 9
 26 4 10 15 3 0
 28 4 10 10 25 0
 30 4 10 15 42 8
 1 4 11 13 55 2
 6 4 11 14 32 0
 8 4 11 13 57 9
 11 4 11 13 37 0
 12 4 11 14 58 0
 13 4 11 13 56 3
 14 4 11 9 42 0
 15 4 11 13 30 3
 16 4 11 8 32 0
 17 4 11 9 42 0
 18 4 11 13 24 0
 19 4 11 9 42 0
 20 4 11 10 44 0
 21 4 11 9 45 9
 25 4 11 14 49 8
 27 4 11 15 25 2
 29 4 11 14 49 2
 2 4 12 13 58 4
 4 4 12 13 53 0
 9 4 12 14 7 3
 10 4 12 10 42 0
 11 4 12 14 1 0
 12 4 12 5 50 0
 13 4 12 14 5 0
 16 4 12 13 56 8
 18 4 12 14 9 8
 19 4 12 11 30 0
 20 4 12 11 30 0
 21 4 12 11 30 0
 22 4 12 11 27 0
 23 4 12 11 30 0
 24 4 12 11 30 0
 25 4 12 11 30 0
 26 4 12 6 41 0
 27 4 12 14 53 2
 30 4 12 15 1 9
 1 4 13 14 51 3
 2 4 13 14 32 0
 3 4 13 14 47 0
 4 4 13 14 49 0
 5 4 13 14 51 3
 8 4 13 14 50 9
 9 4 13 14 37 0
 10 4 13 14 48 0
 15 4 13 14 50 4
 16 4 13 14 37 0
 17 4 13 15 0 4
 18 4 13 14 3 0
 22 4 13 14 55 9
 23 4 13 14 31 0
 25 4 13 14 13 0
 26 4 13 14 49 9
 30 4 13 14 38 0
 1 4 14 15 24 0
 2 4 14 15 24 0
 3 4 14 15 24 0
 4 4 14 14 29 0
 7 4 14 14 50 2
 8 4 14 14 31 0
 9 4 14 14 51 0
 10 4 14 14 44 0
 11 4 14 14 47 2
 15 4 14 14 54 0
 16 4 14 15 34 0
 17 4 14 14 40 0
 21 4 14 14 47 8
 22 4 14 14 30 0
 23 4 14 14 30 0
 24 4 14 14 52 0
 25 4 14 14 0 8
 28 4 14 14 46 4
 29 4 14 14 54 0
 30 4 14 14 59 0
 1 4 15 14 38 0
 6 4 15 14 47 9
 7 4 15 14 30 0
 8 4 15 14 38 0
 9 4 15 14 54 0
 10 4 15 14 43 0
 13 4 15 14 41 0
 15 4 15 14 49 0
 16 4 15 14 55 0
 17 4 15 14 44 8
 20 4 15 14 57 2
 21 4 15 14 56 0
 22 4 15 14 50 0
 23 4 15 14 30 0
 24 4 15 14 45 3
 27 4 15 14 8 0
 28 4 15 14 44 0
 29 4 15 14 34 0
 30 4 15 14 54 0
 1 4 16 14 55 2
 4 4 16 14 52 7
 5 4 16 14 39 0
 6 4 16 15 54 0
 7 4 16 14 55 0
 11 4 16 15 15 0
 12 4 16 15 50 0
 13 4 16 15 14 0
 15 4 16 15 4 0
 18 4 16 15 5 0
 19 4 16 15 14 0
 21 4 16 12 20 0
 22 4 16 11 0 0
 23 4 16 11 0 0
 24 4 16 11 0 0
 25 4 16 10 50 0
 26 4 16 6 38 0
 27 4 16 6 43 0
 28 4 16 10 30 0
 29 4 16 13 43 0
 3 4 17 14 56 0
 4 4 17 15 15 0
 6 4 17 14 53 0
 7 4 17 14 50 0
 10 4 17 14 58 2
 11 4 17 14 56 0
 12 4 17 15 0 0
 13 4 17 15 10 0
 17 4 17 14 55 4
 18 4 17 14 38 0
 19 4 17 15 21 0
 20 4 17 14 50 0
 21 4 17 15 3 0
 24 4 17 14 59 0
 25 4 17 15 10 0
 26 4 17 14 38 0
 27 4 17 14 59 0
 28 4 17 14 57 0
 29 4 17 14 57 0
 30 4 17 14 57 0
 2 4 18 14 49 0
 3 4 18 15 0 0
 4 4 18 15 1 0
 5 4 18 15 15 0
 6 4 18 3 34 0
 7 4 18 2 14 0
 8 4 18 4 27 0
 9 4 18 3 34 0
 10 4 18 0 4 0
 11 4 18 3 34 0
 12 4 18 0 4 0
 13 4 18 14 59 0
 17 4 18 5 30 0
 18 4 18 6 0 0
 19 4 18 5 30 0
 20 4 18 14 59 0
 23 4 18 15 1 0
 24 4 18 15 7 0
 25 4 18 15 3 0
 26 4 18 14 51 0
 27 4 18 14 49 0
 1 4 19 9 32 0
 2 4 19 14 55 0
 3 4 19 14 15 0
 4 4 19 15 2 0
 5 4 19 14 46 0
 8 4 19 14 40 0
 9 4 19 14 58 0
 10 4 19 14 48 0
 12 4 19 14 45 0
 15 4 19 14 48 0
 16 4 19 15 6 0
 18 4 19 14 34 0
 22 4 19 14 46 0
 23 4 19 14 37 0
 24 4 19 15 2 0
 25 4 19 14 38 0
 26 4 19 14 47 0
